cluster_max_size: 1000
cluster_min_size: 50
cluster_tol: 0.02
plane_dist_thresh: 0.005
plane_max_iter: 50
ror_min_neighbors: 5
ror_radius_search: 0.01
voxel_leaf_size: 0.001
x_filter_max: 0.17000000000000004
x_filter_min: -0.16999999999999998
y_filter_max: 0.13
y_filter_min: -0.16999999999999998
z_filter_max: 0.43000000000000005
z_filter_min: 0.25
