- child_frame_id: wx250s/base_link
  frame_id: camera_color_optical_frame
  qw: 0.716773
  qx: 0.0440385
  qy: 0.695851
  qz: 0.00944052
  x: 0.230387
  y: 0.0333203
  z: 0.667201
